6
6
7
6
3
3
6
7
0
9
5
8
8
1
8
5
11
10
9
4
6
6
5
5
6
6
5
7
0
12
5
6
0
0
5
5
11
12
5
8
7
0
5
9
6
6
5
7
0
12
6
7
0
0
7
7
9
0
4
7
6
12
3
7
6
6
7
6
6
6
7
6
0
12
6
7
0
0
5
8
11
12
8
5
4
0
9
4
6
6
5
6
6
6
5
6
3
7
5
5
0
0
5
7
6
0
5
4
9
0
5
8
6
6
5
6
0
12
5
5
0
0
5
7
10
12
5
8
10
0
5
4
6
6
5
5
0
12
6
5
0
0
7
5
2
12
8
5
0
10
4
5
6
6
5
6
0
12
6
7
0
1
4
5
6
10
3
4
3
11
7
8
6
6
6
5
0
12
5
6
0
0
7
4
6
12
8
3
0
9
4
7
6
6
5
5
0
12
5
6
0
1
5
7
6
12
5
8
5
1
5
4
